E = -1.60217657e-19
P = -E
k = 8.987551e9

E_m = 9.109e-31
P_m = 1.67262178e-27

eps = 1/(k*4*pi)

mu_0 = 4*pi*10e-7
