E = -1.60217657e-19
P = -E
k = 8.987551e9

E_m = 9.109e-31
P_m = 1.67262178e-27


## permeability of free space
mu_0 = 4*pi*10^-7
## permittivity of free space
eps_0 = 1/(k*4*pi)
